13287
2157
2013
3421
11764
4414
5567
13482
3632
4459
7747
6186
7074
2984
10984
12342
13277
14385
7798
4153
11167
8634
11621
4023
2299
774
14434
2246
11540
9164
11331
6854
12164
653
8807
11958
7239
9641
11336
1736
2410
2099
5548
6912
4469
3877
1341
8555
319
12018
424
7446
658
8407
6348
5873
4507
11101
9067
6194
11120
8701
7621
14197
2327
1353
12973
11138
1053
6331
7930
3456
8530
12882
6232
3590
7284
11271
5159
12679
6457
8006
13718
7468
4401
14450
4313
14908
7953
8489
3572
2473
432
2291
5762
4374
12806
11245
12158
1714
1075
9169
8773
14509
10834
776
6200
10161
11805
13949
5781
11932
5029
9919
8416
2340
10009
7363
7933
5109
11277
6328
10287
9574
929
9630
13837
10156
6962
7691
2339
12621
2699
11834
3617
12297
11505
6431
1042
9224
12356
585
6084
7493
11279
2087
7698
6880
12381
13788
13141
8941
1856
11367
13870
2790
14016
13120
12103
3898
13205
8875
3380
1271
14067
14141
1304
9756
12818
12177
1771
2976
6097
2324
5640
3832
996
1016
789
1333
4764
6694
725
9619
9196
1431
11995
14326
9722
2413
14033
2704
2079
9744
7928
11180
5101
10986
11535
9729
11070
13670
12831
490
8264
12523
1817
7097
8961
3668
9795
12082
1668
10798
14125
13557
9527
14290
5566
2446
4584
1410
13765
6992
2599
4696
11418
12579
10474
11825
3444
393
1466
5404
7791
2556
6698
2836
2637
6246
11455
10540
1828
462
32
3514
10978
5680
13653
6256
14554
691
12077
10936
6831
6026
6630
4710
1827
13796
13609
7120
1502
14588
1371
10763
10538
9223
2336
10975
5513
4564
14835
6153
4214
5283
8236
12116
14700
5240
4940
301
8828
921
3283
2010
9841
8717
12541
5460
14733
1620
7680
11398
13532
14383
9584
9059
14789
5005
8950
8353
5527
2296
14778
2065
2312
4451
13468
7202
13619
10601
5835
7671
12987
3209
4278
10346
2310
2992
2990
1205
12936
11222
3417
11991
6369
6627
3219
12430
6266
8668
465
7854
2708
14176
9350
4588
1873
7179
3884
8517
5650
7948
12765
13008
486
6660
11642
8757
12676
11016
2354
8866
7632
5790
9057
10464
5288
3914
9256
4111
2893
7377
11552
10783
5587
1005
11615
6582
10367
12360
8466
12805
2621
11182
668
5553
9440
2610
3453
13166
9813
10669
8390
12507
4132
1791
12320
10105
7852
10145
12041
1687
13756
10836
9071
13617
2057
9588
8636
2664
5383
11152
5400
10647
14127
9114
4929
9951
5052
5740
6840
12638
7127
7449
931
12233
6183
2488
4928
1512
122
7306
10204
12035
9150
1208
3798
2107
12311
14557
10944
5296
1834
11483
2499
1572
3409
1641
11643
4718
5269
2219
12733
10866
1073
2751
8090
3331
6054
3228
6337
7294
8480
9309
6145
7562
11205
13289
14091
942
3304
6024
12080
8722
8850
7959
3144
7184
5504
12083
9573
11601
9061
5424
10003
822
12969
7079
9029
11546
12668
12982
9483
3533
2337
343
3933
13686
11145
288
180
14293
4315
10916
7684
4687
4112
12799
130
4666
7042
12757
8929
7484
9707
7495
9700
13122
7289
10034
14239
9865
9216
3118
9758
4177
7186
6605
1748
8596
7108
9336
13443
442
13346
3470
12888
1494
690
3526
14797
1274
14600
5358
2569
8554
9931
3778
4725
3446
1173
8592
2390
11885
13654
8987
9883
11888
2254
6611
12235
14503
1403
1531
14869
1833
13165
9131
12398
982
14929
2069
7509
9230
2444
8553
7062
8086
3702
12175
2448
7945
8051
4643
4638
12849
8661
6771
11450
1008
7268
4357
328
10531
10842
14317
2022
5125
987
876
3346
5499
1628
1285
8453
9525
14223
2950
11678
9858
1090
13001
13894
4454
7601
5049
12062
6536
11767
11517
1279
8388
14071
14045
10607
9258
11474
10436
4621
2128
12111
620
10065
9913
1910
7683
2263
14462
12666
5386
12122
11854
13712
5401
4957
13088
12804
433
13478
14390
11151
7896
2910
10712
10340
11462
13038
8532
4891
14946
2071
7638
11866
8043
6305
829
6187
11314
8900
13233
11387
2574
4030
14295
13149
10776
13688
7303
10225
12107
10263
14533
13554
4274
7116
11900
14781
6585
8246
2253
423
4622
3311
3700
11247
14627
6917
8358
13674
5484
4344
13485
11300
9993
10865
4595
13433
6106
5983
12571
2138
8018
3715
6993
9221
5138
9635
6069
10152
14727
14372
11572
2677
11553
9093
11756
4712
1843
2255
6492
4639
11116
12933
14363
9523
9030
5609
5155
593
4987
8471
13292
10959
8456
2323
11039
8702
4136
12618
12893
7432
5966
8034
1916
821
11691
2468
1415
1766
7470
13552
10873
7594
14902
7530
5044
14184
4646
7262
326
1808
2794
13470
6743
14949
630
9529
8633
813
1102
12633
12033
6160
10167
6541
10029
3454
7931
10976
1957
12110
2723
763
8567
13877
6481
5606
6915
4116
8885
9040
14431
14205
8405
3852
14484
8677
3294
12136
9713
2110
5753
11310
5600
6158
11099
6297
8288
5345
7528
3163
9843
10598
9130
10188
12323
8759
11373
11431
1380
8888
13916
7101
8046
13535
6600
7847
9512
3610
8057
7610
1842
8334
877
12694
7827
1364
9569
2344
10879
8062
4181
14667
6813
11753
12036
8569
12190
220
12092
13843
9994
4394
4934
11707
12008
12213
3608
768
6277
7730
4919
4731
2374
1169
4562
10476
1940
619
14872
12448
7479
11456
3844
8895
11013
8917
7755
7706
2530
11132
334
7803
9213
6228
2818
3903
898
7255
14151
1536
12718
605
8437
6786
9839
4483
5707
12348
8413
8886
14200
11390
12327
14489
13160
13216
1731
6412
108
1395
12869
8283
14742
5664
3438
5425
7010
6956
2516
4428
2187
12154
6105
3708
14126
142
14504
6086
8735
6572
2642
12053
287
4922
565
5797
5510
12505
13794
12907
10789
14161
241
14615
14578
5149
546
12474
750
7965
13391
14729
7661
11605
5374
10639
10405
1850
5152
1238
8138
13291
6972
14485
1179
13777
9345
9207
11613
8170
9738
1181
14865
11394
1918
2925
9665
1798
4133
12663
13441
9349
2248
12705
657
3149
13378
11587
8276
8406
11121
10086
8002
10734
4396
4389
8096
7223
2160
12602
12094
430
3750
11537
12640
846
4079
12286
8515
7668
14058
10372
10124
10443
2206
13250
12613
8644
7540
3749
3494
3068
10997
13445
5332
2867
10817
13665
14900
1680
6172
11944
13236
2589
13146
8050
855
11610
5684
6766
11901
3355
5066
8560
2573
7465
13049
3918
3047
7327
13221
4356
1525
6043
420
8611
2044
11417
3451
1070
4819
4813
1398
5439
5578
2541
4333
11519
14629
5704
9679
12480
4022
1912
11023
749
9797
3192
13354
14313
5416
9417
12885
11907
208
11173
12660
1862
9118
2989
5170
14261
3998
14077
10672
8205
4269
13179
9178
3265
247
4318
6877
4937
12192
2335
11616
9385
10982
827
13498
5856
11545
12445
6686
5588
11027
14461
3707
42
9664
13015
7336
5375
6634
14391
1987
4293
10528
2761
7577
4674
4843
6672
11189
8432
3185
382
2387
3548
8979
6833
4042
10430
13246
14901
13464
3988
754
7681
10223
6649
13701
1980
8545
3569
12176
12923
8065
12148
2889
9817
377
5582
8464
2803
14427
8323
11850
7143
13847
13951
12332
5393
141
10136
11911
11396
889
7195
2399
5626
12179
7265
11159
2512
12536
14483
2119
10308
4107
7170
3242
9011
11930
8418
4328
13859
3096
9518
14798
2823
9212
5025
2249
681
13083
639
5971
12547
1032
7457
10100
4283
5794
12887
7092
2422
13530
8486
14889
2425
3243
13254
2593
6930
8133
14649
7808
13682
13401
12441
10864
11051
648
12118
5422
4327
5482
299
7048
10245
12134
977
9976
2415
3628
7713
5589
11619
14166
941
2391
11504
11531
7648
8485
7515
983
10280
2394
3226
369
10398
13159
7270
4056
14302
2745
8212
8186
3055
7443
13198
8300
10606
429
12521
14128
10422
1485
7075
2334
5852
12566
9528
3856
13599
10369
2617
2235
14006
901
14898
3944
3547
8177
6873
7705
7727
1294
3394
3825
7828
13444
9159
1761
8319
6816
13995
7574
11849
7447
397
6079
6790
3660
2612
6482
13976
14596
472
14353
12350
5191
3286
13883
13890
12937
10583
1358
13827
12508
11776
6199
737
4615
3436
11148
14133
13912
8976
10878
3501
13749
9873
5992
9534
3259
8862
10164
11133
9801
12614
5489
2042
3099
9264
14831
6613
9308
14069
1007
1815
13750
1392
621
10173
917
12583
11569
1370
7793
5786
1514
9457
4875
1697
11580
5987
5875
4803
8628
6852
2130
3618
11246
11124
2385
1154
1135
7428
844
1618
837
9182
13390
2888
5823
455
3429
14507
1653
1099
1132
1492
6291
14570
10788
2453
5072
13349
1885
221
11861
2970
14537
4422
5236
8048
11744
13169
13275
6944
10192
477
9466
7435
11377
4156
4994
11863
1505
8301
578
13131
8256
114
14075
14186
5583
3965
7355
10503
13774
240
1959
4326
3490
6592
8669
12539
4320
2685
11193
928
9755
12792
12268
13282
8876
56
6668
9157
2137
13491
14479
12952
5409
9934
8659
3373
10585
842
7657
1972
8242
9829
6890
6250
6662
9199
5666
13099
14407
11760
542
9171
10312
4569
13016
5782
5837
12437
14829
10006
3940
7998
5483
2566
2298
12220
6486
14021
8513
2417
11153
11179
13709
13946
4167
9180
9156
14490
8462
11451
13252
1595
9424
323
12526
2804
10659
7231
1200
105
12186
9986
8889
3465
3054
7212
9730
3739
8200
894
8744
5572
6647
11917
7455
13920
5810
13606
6439
4852
2547
1336
8460
5257
1590
4094
11806
14933
5068
12043
8112
9204
3904
13144
2581
1911
452
10814
11447
11649
878
9371
12560
1100
10520
7749
8790
8638
7181
1021
14436
12402
2934
13957
10354
6775
1338
1125
9918
12773
743
14306
6515
8742
7507
4924
3320
7942
9035
8880
1515
4474
12691
7057
13271
8795
1967
1149
10264
1195
4210
6149
9471
277
12197
11684
14173
3479
9612
12934
5555
12416
4086
5926
13571
13263
8011
8317
55
13743
1656
4287
316
3448
7382
3737
14354
13320
6836
3161
14737
10085
549
12468
8907
11575
14245
4279
10446
14458
9097
7159
568
471
9094
13423
408
2005
11482
13437
1249
4430
9602
5058
2926
8725
5690
6543
4699
6819
10302
14837
8963
14294
12439
9351
9773
5829
12162
8802
13467
7437
12645
6003
3489
478
10011
4400
7781
9881
8258
8410
9517
13550
13764
13005
6192
699
11463
3016
644
9321
7751
14188
14094
4478
11100
5899
12072
4963
9943
91
9480
1475
11528
6220
13703
3949
771
10475
6916
14639
1627
11873
5503
1574
272
2892
8243
12014
6734
5284
11896
11943
5311
14920
7325
1767
1286
8801
5211
2870
12198
1978
5266
4838
9697
6488
9135
9123
6533
2598
6416
8143
4386
907
10854
3928
13632
6064
51
10549
11315
10719
13086
9759
7566
5918
710
6913
9678
7647
13745
5748
11144
6335
8954
7160
5656
4246
11449
9925
7185
8535
12846
10577
764
7742
10127
12981
13564
30
8566
2452
7753
6910
14910
3201
7419
14508
1699
13299
12073
12787
8152
8061
10396
14860
6133
3826
7278
11804
6164
8538
12535
6881
817
2618
5091
6535
8833
2872
3905
13262
13283
12315
5278
6273
1069
13218
14065
10376
7014
1547
12454
4945
10458
3689
3468
14216
9217
1876
9280
9335
5432
7832
5556
7214
3779
5464
903
12125
7853
9731
14693
146
111
5104
4531
6579
1769
6874
11567
5471
14932
4969
12340
10818
11763
12298
13239
7677
4234
12582
9657
7177
10622
11005
1000
8089
13629
10967
4886
13603
9000
13692
11827
13259
1004
1868
1496
12487
1444
413
8376
7890
13025
4416
13785
12680
527
12509
14897
9750
6028
13671
538
9176
12707
9081
4432
10213
4761
10394
6924
12800
587
7909
14673
3403
12857
9219
14707
7232
4760
1036
918
14315
5213
7087
11466
254
6421
1461
3389
12495
6534
6740
2290
4047
13853
2538
8201
2503
6267
8391
2809
5040
11522
5614
13405
8571
11790
3177
8463
9243
3146
833
6450
4456
10828
10802
13691
758
14805
6184
1157
5120
3160
10561
4024
5601
434
4698
8295
4570
3520
6785
12424
427
2706
6629
6358
6393
2
6624
3195
4122
11168
13874
13898
9409
9910
13562
4204
1212
12367
14626
13319
13399
12386
1831
8355
12290
11075
11586
3300
9537
10242
5906
885
12554
4676
12048
5344
3584
3694
5702
14338
4824
10762
10309
9469
11862
5477
7102
8257
9599
10468
3663
10226
8995
6808
13316
12057
13424
11298
7943
1658
6818
14575
2715
8449
10958
3015
9866
8107
195
11479
12377
8911
6417
1691
6513
5844
14884
11526
4930
3557
9296
7583
10224
9361
9132
3487
10749
1529
7188
13388
2302
1830
10178
11579
3836
11541
9429
10564
8565
1614
10493
1387
1022
5496
4073
12935
2287
6445
5218
14336
4247
2498
14874
11536
5696
8556
3323
12564
1548
2927
5822
12060
336
1144
7253
3341
12803
13825
6966
3522
6603
133
12329
13125
49
613
3682
5454
282
2762
1622
6714
11091
11548
9318
3506
1411
5281
5643
5888
4475
8015
5813
5809
6281
8397
1017
470
10490
9387
2120
9391
6733
13302
2680
9929
7236
1328
13253
867
12338
10747
13864
14088
4551
138
1845
936
13899
9854
4343
13167
2854
12833
8387
1905
10004
3334
1049
6991
9079
11074
8681
2951
13841
6495
12469
13858
9514
11565
4910
4812
12915
6114
1101
1605
3926
2048
731
746
7645
9343
14132
9369
10996
9979
11746
11839
9494
6044
7300
9798
7233
5177
4510
8231
3640
14347
12500
421
2534
1946
12532
8998
5574
12281
7673
2449
761
11123
14816
6424
8
10772
13365
8262
11349
5788
5846
11212
11602
54
8655
1376
5353
12428
14328
4381
13014
12279
14207
6038
1349
5882
10341
10170
209
2080
7843
9637
3267
13721
11852
6312
5054
5848
4233
10645
2852
3303
6461
12346
2703
14830
2397
11407
1573
976
8210
3392
6346
770
14930
5412
9348
14012
8965
3165
1301
13944
10126
2517
7172
4190
13459
1932
8016
11219
12314
1677
7600
6642
711
4319
11171
9435
556
10991
11508
2824
2674
5035
3463
2877
4561
2209
13555
10610
14935
453
11795
5839
13212
7901
7734
7328
14329
11047
6795
7497
6767
1679
4546
8754
12956
4680
1635
7324
383
6759
5914
10370
12483
4142
12271
3205
7000
14561
11176
2600
5080
2371
8403
6781
10357
8639
4827
3534
86
12075
291
3401
10791
8962
2038
4298
447
3204
3383
5605
10562
6727
13849
10133
8290
1139
9390
7030
3605
10181
7723
9425
6751
9098
1282
10623
3122
922
5542
13567
7576
4236
12977
8766
4059
13576
3104
10207
4012
1220
6601
13979
10741
90
7924
13494
188
8959
13582
10641
129
5116
5562
7894
13325
7190
4935
11844
7805
2750
10634
12289
11156
13961
11960
13440
1956
10621
12995
3901
10400
8892
3502
10033
11735
11232
7020
4303
13012
6364
13220
1359
1507
14438
11056
13610
9633
880
9485
9909
4221
5663
3272
3637
10107
12056
2832
5121
11858
10733
12569
8160
6547
2944
3990
4212
12174
9393
2244
14763
5726
12112
1386
626
7739
973
10558
11494
2791
4818
4794
9446
14529
2197
5252
12545
10505
13186
13600
11202
6810
7387
5339
11657
631
8739
6236
11437
8215
468
5280
1826
14139
12160
6635
12409
10257
13810
2078
2891
3943
10215
11686
1710
7439
1270
4611
12761
10426
13537
8776
136
14755
6593
8635
9486
712
766
12499
11673
7917
14721
3783
267
4175
8267
9907
11768
11034
6885
2825
14114
12137
11118
1303
11590
9600
2985
8630
10043
4787
11201
9324
8791
12763
1743
508
12548
1864
4870
11080
10847
10288
7623
9890
11742
8521
378
13486
558
3081
13430
2884
361
14443
6304
14776
5447
11339
3310
7142
3582
12734
3559
11269
3820
8994
14396
7008
10728
14685
14011
9698
2338
4493
4846
8263
7651
10292
3994
11064
5509
787
11260
14587
6099
2256
4598
8609
5117
11918
2869
13740
11771
3041
13797
6764
8173
13568
2347
14457
8037
9317
5670
11082
11721
3009
4553
12451
1391
1447
2754
7797
5334
3059
7826
10457
3018
7732
11669
13311
6230
9009
8250
11296
184
8999
11736
14145
8032
7225
7746
8829
5255
4151
4902
1367
13073
2719
4127
2117
5522
7385
7772
12168
1050
2568
5268
1812
5294
659
8162
4095
7035
12781
7011
10872
11630
2226
13896
12963
11009
5445
5853
12791
11876
7693
2996
13223
10408
2348
12844
10244
3216
7313
6542
9754
1720
13004
9432
13595
2314
11787
1424
11220
5862
6690
11371
5820
4977
788
1685
10293
12328
10483
8161
11369
10410
2076
7564
3785
339
9272
1153
10925
4926
5909
1010
7913
14395
13268
12766
7055
8278
2631
13177
14760
6529
7607
1588
1881
1334
7242
3953
7590
12957
9526
14311
11267
3681
13387
4425
4264
513
7308
74
4954
12770
7348
13337
10708
9438
13199
13323
14320
5791
4751
10701
5891
12968
12897
4121
9075
9394
13742
1996
12210
7317
3241
5651
13787
1224
14903
3343
1086
2619
9423
10666
944
14896
752
1706
202
9790
11404
1436
7032
10604
10049
5805
6151
14532
2006
2375
11801
3862
9974
5337
10252
10901
14812
14325
12304
7777
5042
14278
12815
12039
11402
14277
3318
6716
12641
8417
12980
1991
11624
2311
9126
1716
8440
4005
12101
6030
14720
11672
4174
14053
14250
6072
3743
1047
329
9681
6658
11743
8116
2058
10251
5098
12123
5659
11053
7046
5453
7633
12063
5660
6684
12965
12374
289
7553
4402
11090
9376
9851
762
1129
11832
4453
4241
3072
10716
7556
7759
9996
1476
927
8922
3897
7516
22
414
13527
4076
10441
8684
6745
11576
13801
8075
1175
10985
8362
9252
975
37
3114
14620
5203
9695
8940
13142
3849
8531
7626
5285
11215
992
7927
8568
5275
654
1923
11975
11428
8632
10169
12124
5984
4920
7204
1583
5792
214
3497
2317
3385
13449
11859
14743
12025
4608
13115
8752
2096
5061
4547
1690
11623
14297
10461
10345
8749
1310
13043
11950
10199
8978
3789
3123
11457
12363
5812
250
1062
2724
12889
11690
5441
13889
9982
11925
5991
5039
5831
11796
5467
2939
8775
4222
9330
7009
2251
10435
6735
322
1300
11741
9065
13037
3581
5487
3486
13188
5376
12108
12870
7949
5186
5593
7420
5624
6617
510
6374
2506
2580
12861
4341
1076
9084
2228
5440
13364
14562
2656
7
10570
9008
12652
8167
6955
12247
7122
6903
12274
4989
11345
10787
8547
4253
13394
11774
1711
3440
10460
11150
5536
10640
3095
967
13462
13708
9877
4261
10824
11010
11591
5769
12171
1863
10732
11647
11154
352
9441
309
7310
14715
14093
13442
6463
9849
8544
607
9897
4179
1057
11274
3198
10429
13207
12859
596
3039
11060
919
13897
5544
1624
8021
12024
2123
9661
14129
12809
9026
9269
5267
12930
2587
2367
5808
2372
6465
1085
7886
4632
8724
9816
3855
9997
2307
10386
4936
12211
4944
7059
14501
11607
10268
3353
9776
5142
10270
5697
2898
12635
8803
13293
7692
4091
14802
14051
6112
9490
8329
6135
908
6688
1041
6671
14881
2161
6864
13626
10576
8081
13119
13833
7211
2576
8643
6233
10721
1346
431
10347
2021
6888
9142
4304
13416
2478
4624
13455
7523
12011
1836
9379
14744
8322
10955
8259
4192
2035
13439
11217
1556
179
7771
10998
10255
12460
1894
10276
528
8298
9576
11919
7820
8973
11063
2383
265
3189
11254
518
811
10775
7786
8705
1067
5128
2552
7818
2426
5151
11489
2604
2067
5196
5622
13821
14583
14352
2166
3653
6269
797
10019
9133
285
2102
11775
9522
12241
12150
14899
4726
8849
11670
706
14919
12120
1068
9863
10249
4951
13200
11226
2572
6113
8172
12032
10279
9062
14722
13611
5007
1523
9825
10448
2292
11702
11207
10499
9090
11571
13993
7982
14492
11660
1619
9666
6970
14559
6406
8512
2486
5327
1814
6934
11213
6037
8367
12023
10365
8495
11955
6706
12649
13006
14880
12099
437
10575
1663
8884
12277
4851
12650
3505
10218
4642
2911
6143
12391
224
13091
13420
2961
13425
13723
5948
11083
5112
10389
2140
582
14359
8619
332
1645
127
11646
4682
14927
1141
4340
4766
12563
13481
13962
10419
9988
293
8142
11687
8106
9201
351
924
7403
13534
12229
3002
2979
6278
13054
264
6272
3043
7478
4913
6039
3229
4931
13048
11164
7370
13064
1925
13010
6435
95
10210
835
10771
2236
14687
6789
12575
10488
9937
13087
8039
8947
9746
5591
3611
10002
5857
12524
2721
12172
4763
7417
13340
3837
11867
10875
3770
6362
11725
8091
13937
11068
12628
11319
13492
2772
4651
14677
9447
6034
13314
5014
13725
4462
6356
13646
1734
4484
9016
6702
13892
6400
9694
2039
401
4083
1792
11847
2147
5525
1488
12180
8909
8730
6580
5658
9355
5077
1566
9824
12028
7736
3545
2170
3362
10278
4514
9683
11783
1819
12223
10931
2491
3806
9434
11779
11461
14201
3085
9621
8064
3050
2960
450
14039
9861
11195
13720
9810
9893
7551
9555
14365
2134
14356
7162
9307
4415
14217
2306
479
7851
2920
6174
1413
8171
11882
10921
331
13507
10240
3727
2015
5217
12939
993
14928
6749
6363
451
11427
6432
8935
9325
11793
12767
14772
8281
14468
2756
4960
3552
13493
12037
14708
2774
3390
13279
12455
8313
242
11856
14785
1309
2557
3347
5685
11253
11052
8008
1646
4964
8637
14825
7045
9617
13965
2548
10724
12700
1802
7848
10355
1849
9926
14895
4124
12841
5728
14513
3324
9578
971
3110
13590
8389
11638
5021
11680
11379
10707
9233
7330
6215
6089
8402
1014
4182
11731
9366
7936
14464
13410
6521
3875
13374
10923
3910
7952
9939
12580
1851
12044
9117
5803
3725
12577
3996
3679
4754
13332
2908
4776
740
4675
7134
2954
2777
8716
6274
14153
2427
12001
4105
10855
2878
3193
11692
6002
9753
7990
7139
4487
9034
8714
10587
5411
12938
8369
5923
9874
12647
1077
9197
3878
1546
5250
8501
11705
10793
2738
7052
4746
201
947
11038
7352
1855
5954
12387
6168
12273
2909
6340
14241
3703
707
2477
6211
8368
469
4525
3995
10135
9188
6832
12248
12538
1360
3466
65
13062
5315
1196
11865
2475
2343
13028
14521
10595
14572
5225
778
446
1667
10892
3860
10567
10265
7425
5113
14080
5930
9651
2234
6029
5516
6338
5647
1442
575
2009
747
14459
8543
5756
7855
13050
3709
4914
6443
7550
11712
12261
9328
190
4847
4372
4488
5671
1578
163
6285
14495
14371
13627
8831
3395
10687
8782
6020
11747
9060
1947
13074
10950
6825
3270
13051
10166
6787
8602
11103
10863
6828
3935
3693
5739
14316
4291
306
11281
12471
2122
14054
9504
543
6371
4463
5892
3
8737
13933
12775
10773
12529
9399
12336
8137
11593
14719
701
3658
2294
5533
935
7338
2056
6713
9550
14042
8047
11365
2481
4816
3613
1462
3938
6115
13607
3232
1580
11115
5721
1236
3210
13110
606
11946
3753
7094
1482
5011
14574
8240
14904
7133
2476
1390
3143
5793
8349
10082
12940
520
5773
3024
152
10713
10038
1171
7103
557
5893
14672
1506
10045
1420
11299
13151
13432
3784
6070
1673
5073
9571
14218
5520
13544
14454
11242
10453
256
12237
7980
3733
3197
4689
13234
7418
13056
7316
4228
5382
8534
11841
4067
12942
14138
9185
10651
11828
2906
11655
3071
10806
10216
3315
3179
6379
9980
3224
6855
9474
13813
11530
38
11224
4500
13244
9194
1124
13276
7496
2360
7514
3625
995
14488
9507
403
232
2165
11954
11239
7660
2148
3804
7838
2710
5362
10523
4330
10414
4191
5071
1694
13540
14659
5625
14536
7056
1557
9956
10165
9714
11435
7582
6583
6478
3649
3307
1724
3821
483
12797
8469
2315
3333
14841
14863
2860
7297
7349
3048
5770
14520
5352
10703
10619
7761
11304
7866
11555
3363
10195
98
7856
1490
13053
5088
6325
12165
2433
6442
12585
7272
6375
12627
4367
222
3021
9342
4571
3014
13154
10968
7044
10417
5557
5063
5380
2115
751
7226
12345
14530
5065
869
9803
9358
243
2849
13791
8838
14577
8882
13229
14850
6062
7845
6829
13852
7619
3273
7311
3411
8678
14442
12971
11033
12013
4985
12079
1602
1790
14357
5081
6628
12945
4918
13382
8010
7051
10484
4871
6227
8821
7155
12088
2732
7339
9276
2276
12395
7511
7209
2696
8359
6683
800
6931
6128
4749
11836
9152
3364
8718
7389
2143
4139
4312
13334
10700
738
6455
10966
12744
7664
8320
2935
1874
2941
7329
4473
2436
8505
2947
8354
7695
2883
8020
2277
14594
1186
7089
11620
8576
7593
1457
6552
6900
6837
7880
6490
5755
13558
1059
12677
6860
14852
2873
8927
13065
6721
153
13705
7065
2722
13559
10084
3645
571
3863
10067
7754
9502
8579
3665
3705
14843
523
9624
11797
422
8153
12838
3139
2061
677
0
9314
10231
12244
9953
1829
4449
6640
10301
9340
13860
2268
12853
3036
12414
12497
2173
7383
4160
9852
10424
4424
8928
13152
12069
10695
11357
13909
4376
501
564
6243
2439
12343
2780
3666
7022
9675
1142
11566
6834
6378
1973
8914
1821
7372
10146
12983
2388
5282
6520
6586
5359
4978
10657
11306
7709
9636
6052
1665
2529
11181
4711
9812
46
10543
9381
11628
3458
13230
7298
9078
342
609
8169
9725
6166
10624
9262
612
4057
2286
689
11945
6129
14215
7487
4522
5246
7941
11412
11990
2583
3523
11598
13032
6522
4701
12877
4566
5826
6124
11993
10344
4959
2135
4359
7967
7834
12399
5730
8439
4981
6599
10142
8302
14154
7918
4830
13581
5699
4992
8699
9690
10856
2180
2620
5990
11335
8284
7196
14834
1054
655
6221
1708
3495
3027
2361
10061
10432
12919
9112
13466
9
3869
7606
11987
13882
10418
2691
2562
1268
4113
1311
10819
8698
11142
3069
1140
13593
3711
13738
5354
12370
292
1013
10496
13327
8590
583
4205
12163
4590
4612
14705
10655
8237
10938
2635
12562
1785
5718
7288
8665
12722
499
10399
2839
14246
11436
3634
5237
6470
11030
11668
13132
386
9492
8746
9498
12549
3162
8190
3794
3388
5551
9491
5173
6872
6632
10803
9708
8989
14710
11893
14070
4161
2988
8820
12135
13461
10743
7643
8732
9807
3942
13009
14002
1672
2261
5804
14008
2655
11386
12365
12958
9155
6197
12693
9995
6636
10826
4775
12673
4724
9384
10323
11608
11631
12245
3080
8434
1296
8197
6050
5292
439
679
7295
11931
100
6606
1962
4464
9590
851
2381
8662
13591
1455
2082
3677
4997
12595
4671
5166
2121
4707
10352
1254
887
11293
6566
43
783
6142
13351
12717
9631
10487
412
7521
592
5733
7001
10194
3511
6436
5667
14875
13298
11738
9856
6737
10861
12903
10128
10016
14291
4888
5535
6127
9908
3225
7345
12412
8510
8296
530
6058
13861
5407
6130
3439
14800
1252
12144
3153
3664
4200
11054
14471
6146
14366
10801
3991
868
9820
1166
12113
14907
8270
4016
13522
14914
4874
6355
3654
2320
2208
4630
4272
8924
5156
858
14382
14764
11984
2345
13489
8141
9745
13928
1146
3335
6523
4502
5384
1481
6622
3460
13317
7979
1535
10552
1468
11985
11288
7148
10759
14822
10478
10203
10456
2698
696
11490
1630
11558
10602
6669
2508
9184
11864
6907
7812
6894
9886
7461
8484
4889
8887
1046
3404
4737
5561
12341
7762
13867
1441
12753
5493
2262
7862
9673
10428
6185
12920
125
10720
3578
4391
11507
7597
6260
266
39
3887
10962
717
72
12349
11699
10822
7662
4833
8542
14628
8804
13418
11454
7674
14699
10792
9108
14187
5026
7302
14060
2943
11389
2068
4431
7944
3319
5931
14280
13453
8206
2093
2269
3780
1735
5369
598
9105
5427
6870
12453
8667
2865
13803
10572
211
12894
6532
11471
14799
10693
1839
5129
680
8709
10232
4306
1267
11071
11093
4614
12406
1260
11408
12771
3508
2458
2032
7458
5549
14140
9674
545
4781
3377
13650
14657
3919
13345
10454
10111
4602
3843
2614
4106
9606
13080
1554
14384
10881
2753
1189
12288
5233
4641
3519
13112
13066
8199
23
14430
1027
2776
9299
9948
3704
10502
4953
10876
1473
6923
3119
11748
581
6252
3094
10770
5546
3500
13242
12588
11562
5657
5715
13968
9882
7533
10026
2357
4472
12071
3000
5689
8059
480
8781
29
9190
1123
13134
2978
14405
3929
12758
7318
2798
635
9640
11413
11933
9139
14893
981
11573
12222
6556
4530
3432
11107
1277
10327
11291
4605
9080
9271
9597
989
13398
3539
9989
1908
1203
5167
14213
7508
8992
8682
12384
7410
8819
8409
7920
9047
11385
12586
5274
3154
5691
9303
10401
3290
1634
4980
7534
6857
10895
11949
7887
14003
8044
4002
6323
12278
10642
370
5735
1581
8380
4966
4856
14730
12238
2975
6349
11473
10786
4036
2936
3955
896
11344
9099
4733
4055
7792
3655
3019
9735
2095
7013
11652
3516
4118
5842
11815
14206
14550
5577
6188
7609
7229
9959
12696
11108
914
4435
8191
10510
10180
9181
5874
14614
8612
727
14517
8479
6046
5502
2252
5768
1661
6066
1483
14046
14225
8024
1266
2420
9210
4273
2971
5074
8157
10987
10091
13274
1495
3763
9339
3151
7789
6218
8352
3109
10442
13164
13702
1632
7520
14634
8213
10131
7472
11194
7343
3372
5843
629
1160
13135
12685
12927
3034
12009
10371
12333
7027
10248
4648
3881
2428
3386
10473
10434
5325
10522
1011
4634
1818
3723
9257
14105
5131
10079
10050
14844
13369
7976
11309
12379
11506
2713
3481
7213
10717
8092
4540
1742
12617
3977
10447
13428
14248
8080
13836
3981
6595
2720
13356
9676
11822
12489
9145
2502
10163
10227
1362
12182
2330
305
13196
8904
13711
4895
12768
6475
4807
2758
6462
9752
7756
11814
8029
1023
14669
193
1222
5965
10766
10617
9981
9541
11695
5497
255
8666
2773
5920
5725
9706
4061
9720
3767
6077
14226
13956
1331
6709
14552
3656
8573
14136
6625
4512
1725
13513
6570
3609
1896
4352
12708
5811
7961
12711
11577
9978
8425
2739
8813
2429
2441
14939
11375
10919
8279
9277
14415
8857
1568
8843
13
2019
11780
3493
4187
12397
14611
197
12385
11198
373
14414
13505
8163
13101
2764
8337
2841
4917
12611
3358
5847
2365
8345
14924
4528
1407
627
6119
6075
11501
6088
9484
5004
12276
10359
9977
11976
7130
12706
11160
12931
5946
6926
5141
3218
2555
9652
4452
5627
1231
6973
5476
1155
1354
8447
4280
14922
4578
8314
1003
14470
9784
3721
11112
2380
7624
6667
1406
7570
8645
2084
7634
1852
5959
7454
2942
11614
6807
667
14558
6229
11611
8149
13055
3736
14868
6875
14786
8841
14000
1051
8814
384
12093
9505
1366
9175
12880
12217
13174
2403
13070
4033
14584
11737
3180
11800
3824
2558
3714
8839
10438
21
8109
10508
8100
12872
10277
9020
14545
3684
5570
1594
7049
8649
10373
10241
5480
12436
9193
2322
12814
11889
2807
13303
1095
6664
8120
5569
4448
4690
915
8977
6689
13021
3227
12301
13477
10402
1707
5961
1384
5515
3614
9401
5945
3026
5146
13301
5887
7041
13769
2183
12615
9138
12234
4825
5223
3551
3170
3598
2561
3847
6544
12181
12313
10023
8734
13458
1283
304
9012
13361
11289
12378
9938
5135
2240
5840
7622
5929
7004
1248
5301
3168
10977
7543
7914
10479
8868
10353
4804
13926
13148
4629
14661
14734
12829
2524
4735
10423
4404
11658
6205
968
3414
8997
1950
14782
4126
1188
4758
3537
1870
7023
4409
9495
4158
7227
1747
5360
10874
8656
3420
25
13990
5765
2763
6198
6758
9684
5270
13819
13942
12042
7222
2131
6848
360
3321
2144
12407
6195
13232
10076
14585
4778
1522
6498
1524
14130
9971
10284
6288
12974
13189
2460
8332
5264
11392
4549
12855
1750
13447
7005
7860
7476
848
1316
12096
160
8126
9267
6384
8033
7954
8455
11216
14113
4728
3148
2819
4660
5212
1640
6696
9788
13822
11701
10104
13204
13644
11938
14399
12418
4876
380
3262
14292
8154
119
6618
3086
5598
2692
6296
12434
1111
8695
6264
13226
5970
238
4286
356
2972
9632
154
8913
1682
8001
9244
4965
10351
1780
3477
9023
836
2509
10039
8509
926
611
7686
569
12138
4117
12081
8703
2059
7414
6041
12293
3326
824
11902
9356
8435
13545
7796
1552
3671
8127
10060
13880
8949
709
12040
4239
10980
1006
7199
9958
11318
3848
9248
12964
3554
2316
4649
5078
7098
7364
11999
11799
3167
3078
11928
7526
9837
6793
12736
6922
10101
14565
2398
5999
11376
10691
5867
7367
7555
7542
333
183
7114
12425
2881
3874
2980
13121
7337
6447
2622
9668
4626
14467
5747
1601
502
12070
9709
11441
14909
5003
8438
10677
13238
3571
10947
11278
4275
7787
6604
3906
2200
253
14421
13579
5610
12476
1214
13699
4013
3042
12415
4384
8525
10831
7947
14892
8969
8614
11058
12875
11341
14916
12876
8183
13580
9382
11411
10001
7548
646
8496
4700
6584
6021
2258
10674
3541
8858
120
7537
1363
4
1001
10159
1325
3360
1092
7081
9306
2543
5836
13452
9944
12019
5655
7381
8798
2895
14222
9451
4276
5226
3841
9222
14322
8851
8622
14092
10785
14477
7442
5110
4545
748
8946
14055
9301
11130
11423
14879
1066
618
1209
12740
14417
14287
237
14401
12985
8398
12835
14258
9726
10262
11149
14068
3503
11693
7585
10481
6175
13851
10896
158
2684
3579
3125
9613
8817
2857
559
13019
14183
11495
5413
4592
4170
8487
13213
14341
9373
10663
8193
8891
6240
12204
10945
12390
674
8932
11175
9962
9581
13848
7658
13657
11328
8454
8785
11887
8617
7737
9658
11024
2215
14660
2813
10330
6594
843
9721
5189
8747
7572
11675
10573
719
3375
5795
2016
5184
13561
5258
8286
4820
760
3103
2743
4085
7584
857
6754
1083
5139
11726
6121
10329
6122
4523
1765
10220
10362
13060
6104
3252
3685
1749
6994
3064
12730
11509
13878
3574
14073
910
2455
11915
834
8121
859
10494
14086
14162
12999
2242
1048
3967
12127
7438
2402
9847
9289
2309
8443
13227
14259
449
5336
588
8117
6920
4723
1385
4014
104
6773
11370
6561
7724
3987
11664
1521
1652
2752
3276
14762
5997
7058
6964
13812
11728
511
1888
13041
6430
9389
4155
12157
9291
5169
11273
12681
3530
4294
13972
5295
10918
9477
11305
13690
14820
5020
3580
12478
10074
2111
6047
6882
14923
10191
9567
150
4300
14083
5343
1662
6720
12322
13284
2810
77
12550
3361
11185
4250
2482
6484
8274
11434
12493
6538
10688
7563
1347
7395
13680
1256
4068
8651
11700
1145
2657
4640
1909
13474
1681
6822
2945
3430
8582
6239
1034
6410
550
11286
6405
7675
6334
1394
5227
5642
7571
3585
14
11197
14061
13792
9875
11998
7346
1787
192
10902
9195
13710
2352
8000
11716
13826
7939
5070
12827
2571
13908
8266
9711
10546
5560
13487
8289
9623
68
9942
1560
5095
6717
4240
12658
3116
4999
3393
12156
11662
14791
9402
15
6524
5387
11595
10796
9109
11139
1025
14101
8504
13059
8268
8715
9554
1078
4665
6548
6965
8280
13153
10392
6284
10754
13959
8764
7666
12896
2213
13613
4517
6377
14870
5470
5692
2606
7271
5408
7790
504
115
8594
7266
1170
14194
2545
5446
4171
14444
5106
9857
8608
7112
5216
7441
11724
5518
2675
8685
10551
9595
4793
6225
2802
7788
13136
13128
6294
9488
2188
10020
11676
5316
3992
767
4949
2020
8444
4664
1917
8980
584
3408
9889
13084
14447
2221
7801
5939
14202
5737
9842
6404
6201
9671
7040
5865
12739
2595
5118
13315
10125
4788
81
8058
8756
8707
6914
7921
10810
11448
8097
3782
7628
14010
3657
12275
3751
14735
10820
8751
2578
172
5921
9337
2866
7940
3642
13389
13036
12906
14635
1589
939
7018
4292
10750
3710
12339
3073
7264
3111
4683
7960
7218
603
11989
6401
11330
12555
14724
12262
13499
7483
5175
9768
1480
10313
5936
6560
9006
1928
7733
8770
159
12462
9242
14386
4973
4511
11869
4335
9961
676
6344
6497
2838
14686
14432
8060
13193
14591
978
6902
3838
8009
9088
6217
11035
13887
10377
5705
2594
7512
9225
14036
1633
1796
7320
7471
13409
4750
44
3565
6005
913
14753
9353
391
12778
5668
7408
3336
2993
5969
13528
10603
5326
832
4810
210
6290
4849
823
9331
9535
10168
12307
9780
8789
2031
8837
1513
9473
4098
406
11143
739
10073
12015
10116
13500
5420
8077
830
8971
8473
11802
954
1393
10115
3752
11618
13247
5249
6558
7230
1396
11203
262
7147
8202
3130
12133
2522
9470
6494
12068
7598
7269
9638
2174
3866
5055
1428
1119
13856
6812
8679
7331
8176
5996
2181
3957
1813
5944
1191
9074
4090
7994
9444
6101
874
8110
9283
12823
11334
14736
7434
13614
6933
7700
14234
96
481
8787
6788
8027
11188
10560
9092
12620
3669
7558
5024
10841
9710
10052
5405
7477
13465
8158
1388
14360
6568
2163
6723
3405
7975
3325
4309
1215
11452
6921
6996
11848
7591
11249
5950
6981
10954
7039
6896
2466
3424
3607
12215
10725
11073
7858
7333
11835
4197
5552
63
12353
10519
12646
4589
7635
13357
8631
11301
363
12630
7599
2159
2636
9341
9414
3255
6693
6500
14305
9643
1702
4968
6109
1167
3238
2149
13842
13106
10718
5821
3621
2747
140
5761
2932
8251
4378
13647
3191
3553
3485
10849
705
14731
1247
8613
7357
4134
3916
3120
850
6298
10451
3667
6905
10335
8786
6791
13414
2328
13187
9737
6068
5817
4996
6763
5783
938
13124
663
12845
5388
8175
4285
6472
9718
9920
3089
7245
6648
10827
6464
13451
9370
13799
10391
1596
1587
13652
10412
12002
1713
8375
9667
11842
145
6619
103
9137
11204
742
4859
529
14309
12183
11324
2915
8261
3028
2919
9032
2191
9742
10780
734
11014
2490
871
6776
4797
10089
10063
1425
11325
13943
13596
10694
1577
7257
2196
11709
5537
9462
9965
5523
3305
9069
4097
11162
11037
14345
3646
7586
7263
6772
12200
12847
9648
2549
3586
7702
683
14076
5013
8245
9603
10097
8604
632
11465
2702
230
9949
11026
13171
10903
11445
14704
14160
12866
8467
9405
9087
3217
10534
5779
12631
979
7393
13934
8731
2072
8087
13067
2393
10746
7878
782
11006
14877
11141
12236
10393
14563
1190
5597
10182
9388
7402
5521
8019
7208
2055
14579
7822
8890
4971
4479
11165
10338
4420
7538
10470
9548
9627
7699
6468
965
9113
13798
1887
6710
14618
10005
14845
5396
14416
10680
1926
8401
9400
3851
3314
14251
4722
12435
12946
6255
5604
2267
3576
7169
9520
14633
8864
5989
1065
2851
3140
7462
11497
14665
41
11087
4519
2991
6680
7017
2785
9696
6171
4943
12589
4445
13824
4046
11284
4887
1965
1314
14428
5592
2151
13078
276
12830
9364
12142
1158
9428
13641
5896
10885
10524
8870
14264
8564
3498
33
8068
4455
8372
1533
12296
4532
14582
6434
9426
6165
7547
8653
6169
5096
9656
2590
7738
8066
990
10869
9091
14181
5776
14890
11
4802
4342
6510
13231
13248
11487
3528
11833
826
14050
11399
10941
12731
11088
9805
1613
9436
14500
8518
9168
1934
10851
7047
13673
818
1060
4756
7489
12886
7145
1983
7069
2070
991
5244
11770
12534
10382
645
9629
12362
14015
1788
3924
12629
649
11924
217
5800
12682
4650
5568
435
2243
5064
5260
1500
13488
4691
14192
9778
2987
85
5900
2370
12976
3445
5864
14389
693
11855
6386
8931
5207
13208
7356
2280
8371
3936
6354
7758
5980
13471
10160
3971
1740
6553
6414
10626
11905
7391
10452
13597
1097
7869
6081
9662
10537
5221
14148
13023
2687
8626
10092
8441
1454
3006
1348
9582
3263
11114
14265
8693
13170
8379
1235
2896
12960
4942
5481
1497
9046
7957
11312
3280
11362
14472
13835
6815
1598
14087
13620
3030
12
5547
4078
12738
9481
14803
6140
1417
5602
1375
744
3070
9765
10545
10200
8145
12239
7620
3879
7248
9148
6824
2494
2194
784
9186
14827
6456
12114
14284
11125
8304
14466
2376
5472
2353
2564
11045
809
9984
12991
7983
5710
1683
4035
5115
5934
11694
3147
13700
12950
12494
8873
2928
14631
7157
12850
3188
1117
2937
11934
5529
3742
11011
3145
10908
1456
13616
567
14555
11897
14425
6471
11472
5133
9154
10196
11218
13570
2386
8031
1326
946
6206
1093
13255
14754
7203
4860
13805
2241
14866
9917
6006
2341
7068
7070
1738
9453
8305
5638
9844
888
8084
12189
13845
12203
14692
3340
14397
11755
13935
9930
12654
13566
11491
9645
11294
3558
14510
3823
692
11236
4609
13918
10273
6886
13278
555
7375
3462
13863
2969
6858
12272
6008
1824
1147
9607
8558
4742
3452
6502
6292
4495
14409
8826
7776
176
14199
9326
10455
5485
3077
5538
10187
7669
3075
12832
11956
4533
10230
12986
11134
5018
1044
14369
5188
3063
726
1329
12858
14534
673
13436
11196
9070
2172
4685
8769
14037
8411
8761
5060
6004
9478
5619
3293
11287
9972
14362
10600
8404
13173
1165
3461
12642
2271
9915
1999
3876
8384
2351
9298
8436
13526
13376
4441
1511
11596
14678
4465
13893
4390
2994
8285
11529
3880
519
10957
6491
7527
11161
7701
11979
13584
8834
6366
11561
1103
6012
7429
14568
10778
11425
10300
6242
6682
13446
8174
1746
5340
12394
14104
2711
436
11972
684
12240
10114
7707
1479
9715
345
11248
12721
8711
12989
9762
2602
9806
2024
2116
7561
642
4498
5431
13202
355
1204
302
11258
12516
7935
11583
12095
8232
10829
11667
8023
4147
6241
5342
2830
1088
11126
270
13679
11581
11270
5713
14703
3757
6843
4186
3134
13621
4131
271
4108
143
4606
9455
2686
14337
10859
4227
5224
11532
5259
14645
1339
10844
6614
1504
7350
8750
14796
12558
5994
8115
9704
6342
9456
78
7810
5419
1853
205
9241
2779
14676
4248
628
9946
9082
11065
13885
8549
6960
12473
6778
3846
11935
4947
8042
1414
14025
11604
7578
4065
5017
4418
2959
4950
5370
6979
4559
11135
3312
13560
12420
2553
312
13694
5313
4721
13771
11516
3354
9128
3888
11316
5421
3337
365
10934
5639
13272
2218
8618
11996
1435
13668
5187
14111
3407
533
12713
8442
9601
9516
12709
9828
1130
8277
2479
7631
7353
2083
1797
11936
2716
5712
12324
6343
12993
1728
8519
8088
2132
652
10285
279
13126
3900
779
362
13648
11403
8741
8325
6395
2940
13637
1241
831
13807
4450
14208
8347
13868
13873
5397
7450
6102
10332
11488
9332
13964
814
13913
4325
1087
12826
2154
8733
1312
3365
3606
13156
14375
3332
2205
10489
2279
10629
664
12484
4716
2333
10383
13982
12449
7770
2781
14185
4563
10614
5442
5239
1055
5174
4485
7835
12373
10466
11773
12637
2040
6407
13504
6511
7704
6159
231
9899
2156
1306
2700
3062
4541
13450
10513
11648
5736
11906
11272
8676
2880
2401
6821
7861
2118
14519
14212
14112
7293
5951
12970
1623
3540
5766
11812
10512
13457
9682
10893
7125
9050
4017
1278
11453
998
13098
14236
11729
1938
11322
12419
6846
8788
2028
4025
8799
6748
5153
1458
9027
2544
3890
13094
13347
8912
2454
12776
7745
4743
7814
8260
3701
11513
3993
5178
10202
460
9580
4169
7080
6157
252
4932
3591
7088
2212
7481
14750
11685
13344
5330
6330
4194
14940
12450
5506
2264
14090
13479
10075
5771
10290
13932
13779
6433
4806
1625
3172
2169
6108
3308
3923
5654
1503
3546
10119
11926
10149
10812
3317
1537
1150
13270
14193
4657
13683
14663
8964
5935
14538
13748
14662
13093
10751
258
1113
10951
8996
893
4215
3437
12769
14604
12912
110
4990
13129
4704
4150
13085
2550
12612
12006
562
10904
7549
7529
718
4862
12772
8951
4702
14625
9591
5086
10198
9215
8423
9757
1621
3413
14122
3543
275
14745
741
14771
6167
6426
8589
5028
13547
2918
12359
6216
4244
4301
6943
13419
13484
1538
8663
12533
7366
14679
2731
13601
6429
3212
7436
9063
12312
11997
4829
7276
1516
11853
6574
11868
13155
3675
11268
8896
3284
14182
1491
3673
11397
670
3759
14172
8585
7026
13371
6711
12411
838
2665
6814
10752
1397
11964
12840
7882
6839
7579
5435
3623
1872
8854
4148
10710
4020
2266
4659
11622
3156
6528
4866
13638
6276
394
10972
7409
9831
13587
8338
12408
4196
970
10906
13994
1114
4251
13829
9406
6007
10087
4780
14823
11478
3796
11317
10850
5752
7615
5490
1944
5132
13781
7513
600
3889
11651
2400
5434
7332
1477
1979
2007
14343
12819
8578
6361
10491
13377
12052
10638
8893
9192
12194
6569
6485
14346
13816
1281
3696
5955
11502
7312
14567
496
1219
10574
1305
2193
12417
7279
12664
13368
6049
14664
10259
7158
12383
11400
2384
4162
4486
7141
2301
93
12059
6638
7241
4442
5772
3741
671
12208
3979
2152
13736
3382
3518
9143
12926
4249
14433
4243
5679
11460
5341
9017
13182
14848
12510
13618
4840
14674
3622
5922
8574
4697
10846
11681
12426
9968
2501
7050
4855
3158
10378
9404
11823
5586
7667
9231
350
1379
12592
6752
8586
12191
14048
13358
6091
10565
9268
13930
9767
7670
13696
14942
6202
14668
8491
3978
6621
1903
4798
4504
9701
665
8570
11358
9927
11401
10678
1670
14473
6411
2088
14826
7501
10511
14756
233
11512
637
3023
3301
7565
6350
4628
8494
13739
12264
9954
8728
9183
9010
11031
4349
9055
7099
5904
1922
7625
12291
6850
7964
6976
1700
13936
1389
7617
1660
7118
7932
11626
7113
3199
2654
4028
10147
7519
3563
1770
12064
7267
1643
10031
11229
6980
13672
13510
8012
3525
9226
13678
11653
6313
4458
9458
5512
4832
4466
3786
7830
13288
2532
13733
5050
8830
12865
10939
7033
13624
1401
8794
5661
8881
5053
14456
13952
11871
2968
8514
1969
4982
12388
6014
14211
13403
4011
8588
11574
4032
7557
4826
879
14505
8468
1755
9615
2033
8394
1451
12565
13297
6573
313
7879
9592
116
9375
9245
14496
14609
8119
12228
10794
9608
2874
1982
7314
1450
13780
9769
6437
6286
7488
1809
6681
8763
6800
3450
4419
7807
10237
9935
3588
14449
3639
1629
12207
6565
10498
9320
13872
11891
10222
11340
5979
14876
8093
79
3963
13095
14783
6519
6730
14340
2701
10692
444
1890
6317
4255
3164
14374
7846
1768
71
6677
722
2275
5824
14853
1565
14177
4518
5799
2074
11766
8194
164
6056
8381
10208
3853
4637
10542
4213
4627
736
278
4878
14099
9005
244
4573
13605
11459
6280
1178
11682
815
1774
2673
7083
10130
10910
9076
13339
11722
7871
2364
14301
5090
3793
3827
14047
943
9855
6995
1933
3101
10800
6253
7397
566
9025
9316
12686
10823
5819
7115
8933
5406
1163
4066
11948
10690
6841
8899
1666
4399
6596
3121
4433
9770
495
236
9160
13876
1763
14918
3298
1963
5938
10103
12954
2904
11192
7019
2787
12457
7399
14411
12188
1644
12302
8777
14378
8691
11366
3968
376
6707
5150
5023
13511
10385
6971
7347
10326
4597
12126
5681
1592
9365
8159
12785
13400
6257
9583
5466
9530
899
6025
8348
12250
3908
5273
2326
13830
4366
5242
1045
1399
6320
2542
4332
9705
3740
1604
8500
1250
6659
11515
8723
2408
8095
6651
10547
13938
2195
14137
5373
13397
338
6489
4102
8036
10704
7398
12405
7309
7006
5590
11241
4909
10137
13734
7315
7532
3175
13546
10974
10620
13789
6345
11639
2090
9465
5942
6018
24
40
8537
11430
13706
13631
9561
7900
2520
8395
3322
7124
5103
13178
13030
14546
440
5059
8346
12978
4586
14610
2775
9119
4413
11382
13290
14377
3040
8211
6001
3999
6137
3917
5392
3418
13950
5458
6732
9749
2100
12117
12890
4211
3200
10768
13197
6889
12607
521
5911
4831
7505
6263
8067
12319
8842
9398
2190
14833
35
14007
14381
13630
11971
902
14017
10233
7362
5648
9740
290
9610
4084
9408
8428
13973
10569
11097
13704
5479
4380
10714
6090
8076
9294
12464
2628
14413
506
7291
16
7251
9672
12205
7340
14235
10017
14030
5390
4815
5124
3338
10964
10261
7910
10739
13090
14779
12361
14009
13662
8056
12316
13281
3788
4434
7794
9605
9743
3829
10388
5469
14548
7132
7895
13404
13044
5303
3595
2727
400
1378
9804
13075
8241
6303
5993
9479
6731
8452
5433
958
8921
5378
7839
11078
12837
10664
7431
13715
8860
14260
3659
12901
12994
8823
5902
219
9066
6761
137
10900
8981
10971
1210
14118
11378
8597
8575
14018
8328
8916
3960
12609
6496
8903
9653
535
5051
14581
1545
12581
7110
5885
7043
7587
7831
11860
3240
916
3758
6865
1878
9766
13693
6598
10486
6691
4993
118
3670
13784
10072
10297
9334
1555
9372
3602
8529
13161
7750
4620
6322
13475
9136
14523
1136
6487
3601
3776
6125
13732
3397
1002
14275
10307
8233
7833
13585
4045
9038
3261
10870
8063
9420
10942
8610
456
8957
317
2106
2492
9101
10591
9533
13469
6967
541
4172
10495
3680
5204
6013
3020
2875
11405
14367
10025
2060
89
7240
12317
7679
7872
8499
12672
7498
2554
13622
2584
6309
344
9536
5972
13919
2356
10037
10635
13082
11444
11146
3817
12688
14059
12749
10597
8897
487
4873
3004
1227
14759
10140
10808
849
8327
14191
7916
9515
8166
7823
8629
6892
14653
1793
6742
9542
682
7766
13921
2597
7892
14770
3412
13815
11912
8132
8650
12358
11877
4792
14543
9209
4521
10509
12257
8079
5075
372
3157
10926
7934
9509
12100
14252
5248
10500
8350
4579
9999
2379
7335
12161
8331
14851
9609
4636
1721
2046
6503
13761
11708
8755
13542
6567
5645
3345
12996
12209
13139
1489
9338
1898
1426
10757
2003
560
1108
14156
5241
7422
11711
2081
1703
5037
249
12139
5022
3830
4543
14351
1847
12109
8694
12689
8309
10015
11674
12747
13628
13113
12058
7510
1835
5775
1571
14209
13954
13206
13569
12442
14701
173
8598
12715
3132
8944
11544
12905
8103
10021
507
6853
9911
9680
13077
9734
4491
5863
13790
5722
7629
186
6420
5111
3281
12318
3719
7205
7696
2382
6919
8178
1273
12774
3912
60
11784
7989
3842
3065
10120
1895
3894
10462
4302
1484
13541
12066
808
6212
3368
12331
10000
8005
14324
12762
8533
12321
984
7025
1408
12537
3885
7287
14551
10815
4052
9659
12714
5616
1995
1675
4596
11511
13730
48
1723
1782
2329
6098
11704
13639
4203
8292
3638
2998
14711
500
7502
7494
8035
5008
891
8767
4051
4865
14350
6739
128
12925
1753
11092
5706
2037
1968
7210
14767
1031
10930
8772
1937
2104
2496
7077
4536
12879
3051
8675
4552
1795
13635
1737
12867
11364
6473
3643
5530
11210
7687
2177
1951
3141
13042
3567
3566
5683
10616
11089
3142
5372
9125
14095
13203
11826
13454
3469
13881
18
11713
4490
11977
1733
6989
8252
10515
3787
4618
3066
13747
2210
6884
4201
5960
7962
4178
5563
12280
14392
622
2450
1943
1816
864
6978
11851
1438
3007
4853
10764
13983
5611
3449
2958
4744
9669
14032
399
6871
3381
13105
11514
1284
14838
6512
6134
10745
8536
2646
1368
13241
2591
10450
8546
2624
2795
14034
7237
540
5279
10294
561
4550
9377
2986
2856
9538
4662
11967
31
10685
3396
12530
7889
3839
5494
6341
10437
13741
9748
10830
5801
5543
10843
5807
12401
12895
12921
7388
3627
537
12756
4230
4864
4358
1988
4703
6932
11170
4972
13381
7299
7119
14229
13176
3599
2833
1807
14408
1929
4164
9191
6324
1487
6797
13904
8265
4565
8026
2182
8605
13329
9166
11346
5486
13225
3431
9411
2769
1889
2066
34
802
5977
4789
6729
14815
7970
580
5094
2018
4900
12086
7406
1094
5385
2043
14894
3001
358
12683
11523
3223
12433
2627
3624
11395
11442
5062
12716
9787
12955
3248
12750
3251
10403
4128
3244
13975
12622
14642
2456
5395
5130
8483
8341
8482
4370
10129
13549
12784
10459
2098
3391
353
12382
445
2788
8915
5978
3747
2396
9955
11973
9311
3102
5564
10096
8539
10150
3746
11129
4948
5838
13773
1315
4101
2974
8488
2011
7722
9732
14029
4501
14300
12492
1464
4231
11257
8392
4538
13118
13264
1029
9794
330
9052
14494
11140
6753
799
3159
6946
2521
11069
5410
5943
6111
14043
12725
3419
11778
1152
7731
4613
8793
1532
7719
13318
2858
5108
5291
1825
3282
14917
13575
7500
11633
6958
9464
1276
11549
4505
13133
3329
9563
7811
1953
5041
12605
12193
14857
13033
5450
320
5603
1177
1606
7411
7176
3802
389
5122
6326
13497
11542
3691
4714
7885
6779
4555
9819
5377
2570
10155
2658
3492
7067
3221
4747
5415
11777
4015
7817
4296
4411
2546
9508
10083
5695
10228
404
215
9840
12153
11458
3011
9822
12514
6178
6418
9598
7091
1297
14335
12218
428
4835
6830
12104
4991
10032
10177
7373
58
14040
9902
13578
1317
14481
11952
11094
9419
10250
5276
11117
4115
4587
1558
8461
7993
7694
12169
9437
4140
14370
7956
9878
13355
11894
10415
14646
11966
1213
5890
13828
1422
3349
12953
13490
8925
6499
13981
1877
13947
7641
7111
3441
1478
2626
3989
4808
4322
728
9869
2902
14487
11929
14453
12842
5140
14592
11350
14330
7985
7430
5083
14155
5764
6382
6827
10518
1970
13480
11234
11603
7837
5682
12085
165
2730
8852
9703
14643
13967
773
7216
4694
12610
6954
13800
4382
12604
6448
1631
12357
2411
14697
1844
1156
601
13649
6701
3376
2124
11781
12266
7246
13659
6551
12902
6726
6262
3801
11679
1544
10608
8321
2588
6692
381
1612
1038
10627
624
7371
13651
7466
14936
7995
13386
10652
11184
6083
1617
5855
6065
13636
1695
5508
13308
6963
11810
10471
3128
11230
1820
12227
12029
7016
8340
5097
5381
9327
12794
2949
5584
3952
9594
2089
13071
9053
7275
2211
1445
5754
1759
14809
2126
5
12106
13758
9880
7474
7757
4741
13757
9468
13022
5351
10040
11243
10927
8986
3425
5709
6444
8131
8853
2239
10042
6741
7721
10644
3920
9779
3302
14304
13396
8844
5872
2682
2579
5845
9557
1109
14170
3859
10090
6663
12684
2233
7492
12129
2835
9549
1143
9739
956
14541
3777
6578
1233
6103
10670
12843
1846
8745
5092
13793
9891
12990
12046
2797
2903
13516
4364
8708
13677
10153
6460
807
227
6270
7321
4607
13751
8779
7535
11788
13512
1084
14196
7192
10171
10416
9692
12167
10189
11127
12287
7802
2567
13257
5877
4130
4365
13669
12292
8427
5318
780
9876
2077
8420
2053
303
9021
12246
14230
3872
10684
3464
4901
8934
5763
10989
269
13855
6397
1719
3285
13352
3083
5192
4443
10246
13007
7244
1939
6210
8855
13145
4955
7053
2313
801
4652
1709
5919
9218
13140
13138
9575
10988
9333
10594
8307
14482
14014
5653
9677
6394
482
9051
10397
12975
509
8652
2223
228
13577
4331
5631
11951
7183
2671
4369
12810
2862
2536
9383
2273
8836
12874
1867
9811
14426
3799
10070
8736
10304
13795
2350
2770
12078
5019
14784
7907
6804
6951
6180
14836
3861
280
14437
9158
13911
3427
7028
13209
3422
790
4497
3828
9868
6616
12344
10891
14131
2474
4252
12729
7064
12966
7825
5646
3371
11221
4010
5437
2127
12443
5701
7445
7905
13998
6760
700
9249
2899
4305
14001
14878
3795
8373
11534
9288
2519
6765
12702
13574
13184
6387
6644
11978
10022
7453
5067
3560
14511
4324
937
6222
9265
11409
13309
1730
1026
14254
8670
5607
4599
4237
6610
3706
4771
392
1883
12201
10679
13330
8324
623
12243
7165
5317
1091
476
589
3010
14079
2284
7844
11920
7384
13875
2285
775
6057
12816
12049
4844
9932
1901
8219
7490
2861
12242
10334
960
5635
11899
595
1526
12519
9274
9363
5321
7627
8502
3190
11727
67
5998
10894
11283
861
2487
5784
1421
167
8150
6009
14358
9095
2840
2303
8673
8952
4299
3271
8863
10779
1553
1234
2690
11190
8218
10790
1650
497
1975
4018
7637
7676
11208
8415
4316
14617
10596
1961
2497
7760
14636
11837
13955
7073
1752
12352
4206
14716
5841
6141
9255
9983
9589
3203
13844
13729
1122
11109
14738
11789
5981
4774
14232
340
6577
8412
1848
6483
1400
3561
3835
4768
484
2814
13903
10480
3536
12992
10924
14082
839
7334
6990
5201
1599
12632
12375
11059
13985
2238
5206
6637
7448
4219
12598
7175
2504
12517
11830
4048
11677
12351
14775
12878
8073
11244
997
2470
1318
2853
10886
2922
6139
3515
9846
8476
9253
6353
4238
14178
2355
12590
14035
4446
11416
4745
11422
636
7463
13013
124
10761
13265
3748
5802
11838
1192
6983
777
1993
11076
12576
12393
2049
5746
920
10742
473
10748
13676
12012
11654
354
4100
11550
6699
9686
9826
5398
9310
8991
294
11720
14683
9833
5974
10035
2592
4176
2586
3049
3529
4836
5277
8822
2559
10960
12848
371
12496
12477
2510
11791
7354
6310
4254
6957
7602
12306
5884
2983
5964
4894
13163
5787
4811
9772
599
11351
4209
8846
3131
9879
4226
310
8550
9901
14168
4480
14331
7946
10439
2237
12141
155
11909
9368
8459
1860
12030
1882
5751
8374
13767
5615
5957
3309
6806
12710
4821
661
1239
12636
13974
4770
6518
12038
311
8396
6219
14102
1269
8382
13052
12817
1805
6295
11927
14152
3067
12131
1806
14553
13539
11311
4471
4869
9110
11982
207
6904
3695
994
3527
1803
12742
5161
2201
5986
12488
9149
11629
570
4229
7121
5724
1609
2198
8446
10183
3499
11881
3791
2217
1786
14096
8146
3871
1253
1257
13737
13786
9565
10254
7066
610
2885
6876
955
4290
912
9896
12185
6725
6033
2540
11730
8867
11898
2247
11251
8939
3082
11963
191
8124
2609
9763
11111
14765
7469
10813
6950
5474
1684
10566
7485
3098
387
12447
4828
7344
11199
3258
7559
6449
7923
6477
9162
10646
7433
11916
4207
6516
617
8474
1527
1330
13642
6425
2789
7260
204
1290
8475
688
12047
9872
10899
2054
12924
170
8674
1291
10860
12527
5473
498
9359
11714
314
3509
12259
11049
4388
5163
641
4021
7769
7689
12334
2392
1783
5554
8968
5688
3327
1194
10709
11543
1727
2527
2533
12782
10243
6550
6315
196
10599
4363
1040
6293
7903
2965
13922
953
4050
5087
246
11326
1471
10477
3954
852
5455
6249
7003
5676
7416
14526
3136
4769
10555
5669
4772
12475
8030
9273
14619
9655
11433
6319
5202
12458
12090
8448
12119
4755
9789
2734
1541
8220
12860
10932
643
11829
13338
14296
5963
6208
4070
1448
12466
13914
5456
13891
3629
9279
6399
12256
12285
933
895
9058
12701
8832
10667
12465
9100
11158
9950
11468
11957
8493
12662
13722
2222
14361
10108
2304
11557
4956
7259
3644
8581
7614
9559
14769
12263
4049
1187
14085
6545
6376
8783
13586
11874
8269
9543
1418
1642
2405
7517
13406
14455
14419
7206
9403
3766
906
7780
410
5534
14469
3635
12422
2837
274
225
13116
13375
6032
9048
13307
3718
11085
2526
13395
248
6948
10735
10605
346
7595
9427
8960
12504
14393
7305
7774
5576
5350
3521
3697
9232
10731
3435
14947
945
4421
14255
8155
11715
7688
5234
6747
6728
2843
12404
14794
3974
702
5305
4686
14283
13370
4672
8022
13905
1893
11986
13806
8179
36
5290
12294
9699
1216
8729
8955
11970
8910
13744
3756
6736
1443
3674
11539
13503
5630
7978
4814
8003
14198
5069
2582
5854
11892
13495
13111
12347
1319
10755
4967
2004
7937
6949
6589
13768
14237
6615
3278
1859
3773
5349
14098
8344
12231
13363
6
13183
14589
6476
9614
10482
2232
9211
6203
4727
2560
12881
1172
6695
14682
5719
9691
5815
11432
7405
12147
798
107
4323
4336
8223
6327
3549
4062
2778
4515
6048
5677
7456
532
3962
3455
1550
13752
10656
5046
9019
14603
10877
8591
12669
14637
6685
8683
14303
12461
4669
3187
11477
11015
12737
1345
5780
14525
2995
4882
7863
4282
3350
840
4339
4492
9043
9727
7250
1930
1313
14169
463
4149
14499
12196
2407
9015
14725
9540
3589
3985
7106
14440
6626
4202
8366
5379
11563
12429
12764
12751
2451
213
11533
3186
3550
1974
959
13326
2133
7084
8552
12667
1015
1440
8114
3620
1061
9975
755
9380
4232
7864
12698
853
2842
4845
2092
5859
8562
7423
10799
7163
11659
662
13515
10209
9499
6372
4440
11923
1470
13817
5532
14726
3092
14944
3181
5879
8255
12909
1543
12128
14573
6986
8054
1777
14808
2871
8688
8760
2495
2437
321
13296
10425
14817
7361
10809
6022
5693
8306
10056
9045
315
448
3983
6847
4008
2332
3370
911
4183
5618
1964
3135
12951
14135
2648
2828
640
3150
6802
10071
1528
3126
2864
12908
2930
3568
930
4645
6844
13508
1509
1586
2681
4060
11424
14262
8970
5816
11732
1832
7877
7806
1288
10673
7888
12600
6258
11762
8753
6939
6719
8385
5579
13831
13328
2767
14777
4481
11904
2162
14502
625
9604
11953
8527
10081
4817
2957
10943
6459
12754
4082
8710
2321
10325
9723
4600
251
3491
759
10563
3808
13556
13969
11342
2145
4526
3769
4631
1611
5119
4916
10296
151
4355
5767
4353
198
4360
6100
3975
14718
3950
5171
1626
374
5114
5507
1948
2359
11761
2278
3410
13280
2846
3964
12949
9205
2577
3895
9439
4986
4004
8165
5199
13589
9263
14429
2672
781
5200
12089
257
8408
3222
1467
14654
9558
10281
12891
12553
6380
7717
6231
14074
14041
6063
5916
14121
12031
14824
2879
13941
14571
554
13350
4354
12310
9793
9042
8477
13100
13331
12599
6458
11884
11968
14702
2485
5894
1688
9346
2688
9524
7173
9560
6679
11261
11440
6861
4482
4188
1020
11163
3966
14632
13269
8824
12003
9033
8809
12482
8472
10744
6042
7360
6961
3029
14621
8905
13529
6609
2404
10592
845
8966
13333
8600
526
11594
5160
8607
2155
11380
3093
12050
10767
14299
1452
13719
5744
11538
3117
2913
8808
13261
1430
6213
10318
182
7105
4539
492
9416
7821
10193
12501
3215
10057
1228
9418
14941
9018
5368
3650
9689
8248
6015
199
9472
14688
8559
6509
2890
7421
14332
13823
13996
7613
12639
239
13413
8134
367
11136
14515
7735
3661
5253
2946
12779
9003
6674
9771
14388
4604
9892
3478
14921
5617
7021
4904
11086
3266
1344
2125
4387
7539
10653
13422
8094
4635
12531
4695
3254
13285
3583
1164
13901
7394
4310
10234
3482
1915
14539
8229
14652
9228
9352
2091
11174
2431
10618
12822
3342
10994
9660
2783
7037
8393
2229
45
12212
793
3274
13438
3296
2973
117
8563
5210
2469
10387
974
2695
7616
12741
4256
3822
5417
8433
8105
4854
11947
10839
12022
1729
485
10384
6359
1674
5243
6059
1997
11084
1437
13925
11227
4198
14849
7451
1335
348
5758
3760
4713
11414
12284
8640
14019
11393
11302
9777
1994
1977
5649
650
5389
2811
10283
11717
1217
5426
14116
5723
13927
2725
2666
1781
5785
3713
4159
284
12625
12922
10162
9104
1243
6170
9566
14535
3269
5137
2768
5743
200
9947
3245
4262
5355
12503
11381
10999
10516
11004
13840
4397
13759
13999
13811
810
5749
10235
2966
13035
13727
13902
7063
3330
10548
10706
2649
4245
9024
3951
4189
9992
3045
2897
12518
13809
10529
12253
7783
1810
7678
6177
3764
4508
4347
9687
2026
11122
9147
4029
5219
8342
12380
2270
5308
2826
10465
4883
13411
13046
5833
5949
594
4693
11347
4580
7665
1616
5256
9952
8378
9323
7426
5036
488
10553
5468
1879
8869
10501
5194
3797
7015
2956
2002
11518
11050
10154
12760
13017
3356
7136
14276
5148
14476
3357
9987
14795
1180
2168
10064
3592
11048
13392
9618
10676
1280
13434
2771
12004
13963
5869
10586
3012
8431
8271
697
12206
9433
12704
10099
14506
2373
8945
7618
13240
1255
12214
11739
2457
1689
6817
2887
8680
3603
10774
6938
11240
666
12916
6999
9151
2442
461
366
9642
10317
14602
8140
9086
514
4337
9304
12561
4223
9198
1259
803
6352
11104
8078
1582
11710
1275
5172
10804
2834
9859
1914
10007
132
6333
6909
805
1875
3038
3731
4259
14948
8686
4437
4653
4267
3997
14214
4329
6597
4031
7224
443
794
286
12634
9912
5449
6652
5335
4426
12354
5394
1342
5662
13076
2464
11696
6665
14854
14813
13079
6071
5524
9489
11759
12087
3194
3288
3339
7390
121
14342
1501
13069
9421
11870
7646
1764
4610
7573
1382
8038
9802
6953
14912
14706
8926
10825
5198
2551
503
13114
8983
6389
8225
1570
10409
3699
8386
11719
73
12947
3600
11002
8339
9945
4135
12811
7697
5195
6700
5558
8214
12440
940
2967
14842
1151
5048
7274
4655
12557
10368
11391
13245
9923
12282
3882
9611
10533
7144
11072
12540
9500
8624
3902
6388
5348
12098
8228
14174
364
4362
2465
9905
3316
8621
3088
454
6017
11420
14569
7146
5698
5391
2916
8601
3531
12961
10890
6051
11061
5100
14748
2282
14089
9442
5082
6161
6452
14117
10726
3344
4180
10907
5880
2678
9539
8816
4848
2412
10266
407
4379
1184
11635
13150
2445
5262
7153
1655
8052
7149
3398
5076
4260
10044
12444
531
14249
13185
80
1018
13658
11697
4408
6607
10571
13663
6868
5495
6419
708
14694
651
14289
4556
8111
11029
12403
7024
14810
9022
11443
7718
10041
10871
5581
70
14062
12515
3268
12801
2034
7992
11564
873
10913
11191
9039
1992
14486
149
14108
11486
8958
7061
4881
8357
11036
8189
13000
13857
9990
704
1472
4603
3253
9054
14856
8041
2250
4407
3593
296
2199
5937
13385
14288
308
2876
3982
5958
295
1540
5883
1567
14758
10258
10662
4577
1717
11965
9532
2523
12984
14906
9261
11821
14158
5365
8762
1232
11689
6080
66
1561
8984
11634
13460
7592
13175
9728
5312
8445
6283
13366
2651
11266
5452
458
9836
4288
8148
2964
7868
1715
8185
5672
8040
8216
10559
10289
4644
14675
2012
9835
234
1245
4489
13989
13362
5009
4099
260
14190
3921
12856
4623
6336
7950
10008
2014
13353
7166
3233
10247
4667
11794
6782
1657
7319
7359
10965
4647
14167
14590
8253
5933
8192
11421
2164
4738
12692
7392
9106
8465
2000
7187
14757
11169
3858
4757
10671
2202
10884
3504
11819
5665
14318
13011
7082
1773
11961
2669
733
2281
13992
8704
7799
5673
8070
11937
5436
5459
11446
7307
10342
11003
865
6514
9821
884
3206
2630
10782
7554
3257
11476
12690
516
1637
7154
4938
8203
6138
3183
13656
5621
966
4346
6851
12899
5136
10702
14271
1074
229
6156
14368
4146
9134
10929
8311
8498
3947
9792
9593
6859
9818
11333
11817
11510
11355
6055
10649
2075
6657
6929
2342
14394
6756
8671
7459
12260
14319
2676
7605
6537
4907
10324
2129
6275
9179
669
950
7897
10736
157
5126
11438
7034
8806
12559
1941
11275
9823
1223
5742
14806
13104
4784
9764
14422
4034
14650
9236
12972
12578
4145
12438
14307
2308
8580
9430
12513
13953
8122
4868
3857
1486
14420
4044
13854
1183
12854
12783
11292
8318
9397
13525
3678
13194
6259
11895
13563
11592
3945
4037
13127
4220
870
11018
2103
3845
14219
7150
13305
14943
5333
3641
14451
10643
2948
14224
1463
6040
11962
13228
62
10113
8335
5652
4075
9521
298
7672
9161
3683
13260
1107
13521
101
8692
8625
1949
2171
11415
13592
1676
4039
368
7981
1377
8587
327
14031
2186
10613
8221
10047
11632
12005
8098
14752
11758
785
13834
14064
7840
9173
6820
6265
7589
10730
13415
2108
1600
7369
3236
385
7966
4217
5634
695
7773
13818
13594
1804
3745
11650
4732
5245
181
4110
6392
4361
357
12372
5968
6866
14680
1651
4939
10381
3768
203
1121
14531
8230
9894
5461
9586
3292
5498
11280
5145
6750
10557
2319
12376
10077
1080
2757
6209
9544
2489
13907
2938
3810
7123
3775
9116
1374
13960
10360
12793
10914
9545
14270
563
3475
4933
5263
7656
4619
1459
5304
12670
3035
12230
13372
9570
1776
10858
8426
7955
7612
6527
14403
638
2167
109
3814
6402
13367
14044
8490
307
8400
12051
12065
12868
2094
7219
1439
8125
3831
4040
12452
10379
10948
12727
9808
9367
5093
9903
2647
9036
12948
5545
8982
5179
8312
9775
194
8188
5297
9407
13988
11824
3496
7740
765
5056
3277
10051
14049
169
7912
4585
10066
6712
7358
13190
10197
999
4740
14926
6271
14864
9904
13906
12871
5361
9041
261
4799
1542
11493
7829
14238
1732
1906
7071
417
9319
1942
6571
7076
7464
5190
5559
8326
2817
4921
1698
13108
13061
14690
13533
14931
10940
3291
8796
6947
11106
13158
187
3155
3249
7588
12528
6862
13029
9422
9374
11941
5620
5501
9963
1133
13924
7987
6027
1924
12543
10030
6087
14613
5247
11137
1207
5134
6474
9577
12584
4734
7258
13698
405
2185
6441
3761
4946
6226
12166
7870
8930
11551
12055
4796
4842
4748
11521
2923
9115
13143
11878
3771
1952
10106
12748
9853
10956
14163
13412
2176
5310
14684
7440
12834
5526
14282
2729
12432
12413
14081
4436
9068
402
10630
1508
13057
2227
13675
9144
2921
12335
13802
8118
6148
11020
9967
13862
11547
3772
7604
6061
4892
633
7984
3726
13866
10062
7374
11625
12695
6507
4104
5364
3090
5231
11942
11295
13249
7536
3833
2260
6163
2484
12305
9796
2765
9031
7893
9552
11356
4893
12601
1104
14312
7690
5448
4705
2822
10912
14807
5913
1539
2097
4885
6697
9506
3941
11105
3471
10024
14547
14308
1372
6774
11255
13018
4995
174
551
5465
7379
13519
2749
14124
8647
614
11044
11327
11098
13689
8623
10179
14723
11683
1498
8516
10838
3457
3575
4157
7764
144
14423
8840
792
1265
6650
1900
11475
11846
1615
2041
10172
9240
4494
4499
985
2736
259
1518
3328
10080
12269
3958
11485
4054
969
82
7238
9235
1726
2325
7109
2717
7715
1744
9870
7568
3297
5309
6984
13058
5565
5197
8370
9693
866
13991
8361
7167
8861
13306
9647
14247
8235
881
5925
13776
10
12187
6244
1754
7424
2894
12596
5367
13884
7452
263
9302
8336
3416
11754
925
1858
980
10267
10979
9344
10536
1920
2220
2962
7884
9940
4321
3079
10112
5861
10282
5183
2192
11079
13523
4717
8273
10339
4890
14195
8356
9202
7522
13838
1106
12255
12928
6974
1958
1919
1127
6531
9445
7703
9553
13322
13300
7849
7200
4896
1056
11845
14123
13846
11606
14143
2718
1493
591
8902
5293
6525
3686
6282
806
804
10658
12743
14811
13313
1162
1221
14624
6045
10184
3907
12780
4406
10058
12299
9670
8365
3220
11749
7652
11811
3287
5418
13063
11032
13782
1112
5703
8920
7376
6969
5594
7400
12821
14323
7104
14400
3378
6422
4524
13640
7256
13214
9300
283
5798
1287
4783
4154
4858
6154
10797
11095
5328
3306
11752
10888
11939
7524
1866
14828
10970
11186
12325
8956
9834
10615
3467
10139
4877
5302
4258
13939
4277
12091
50
1794
13531
10411
9832
14544
9815
14023
14005
5399
26
3379
1669
3939
5898
3352
13243
8738
13341
10274
4625
409
474
4706
8135
9546
9292
10315
5214
2748
13717
6321
14595
2933
5814
10206
491
6016
6590
8528
13429
10723
10650
13427
1024
14445
13117
3295
2085
4138
8856
12224
13027
7999
12959
9587
9259
6347
7283
13336
11343
1664
10554
4801
7859
1551
8429
1159
11470
8825
862
1857
6300
13473
13191
14858
14344
11131
3984
8182
13929
1913
5357
3127
8847
14266
7891
10535
3774
12657
10952
1935
2150
11352
10532
11467
8687
9510
5633
5286
1854
4688
13681
13746
11321
2531
3100
4594
5827
5030
2047
14165
1474
756
8845
10698
716
2461
226
7407
10406
6809
7137
11019
11209
1322
7412
13553
11875
3972
11043
5571
9129
1671
5107
2848
379
3961
4880
11007
14846
300
2036
4026
9073
7968
11637
2101
9616
5162
3564
6842
1519
10449
576
4141
6302
9238
11081
11980
3594
4350
14373
11046
4782
7243
1899
6641
9443
6214
4427
4470
5157
9072
13524
11359
7486
3781
12932
14586
4393
10935
7545
4053
9547
8706
1037
11560
13304
1779
2670
854
11228
703
13137
14937
4398
10758
10898
10911
4429
4001
11256
694
8780
13538
8293
9120
5323
12283
459
7720
2565
10380
3166
10689
9887
7096
5027
6191
4684
8508
10845
5254
11368
7504
14142
4412
12703
5038
3970
6936
12556
1148
1654
7767
10219
13081
10253
5714
7380
11751
8616
12326
8810
13615
515
2189
897
2114
6390
12728
7473
4670
12732
5463
11096
12115
4516
13294
5985
8526
13948
12143
1365
4009
4822
7189
10840
3816
5430
2929
6718
10349
2912
7217
2953
14556
4941
2434
4166
5908
2050
2438
3948
1433
14840
12219
2289
14522
6360
4295
14859
8648
6413
7958
13448
14774
12389
12485
13258
10356
5716
12202
9960
1837
8007
12697
685
457
489
11265
13417
963
7131
13463
13237
11589
11128
11469
3690
14103
14144
9287
415
13879
4506
757
6096
13850
189
12472
10010
2418
14171
1647
13224
11880
8805
418
2737
12102
13201
2641
890
147
9467
5738
3596
1510
8561
12752
10995
1327
9924
7207
9285
2086
2660
11028
608
9103
12258
3025
5324
1549
4092
7322
10753
3084
1039
8936
2480
10981
12254
3250
3819
1263
5595
10358
1098
1369
10256
2184
12170
7951
7168
12054
6094
5492
11233
5289
4503
11200
7201
4925
4850
7460
1741
2608
9214
10431
13966
5641
11263
10028
2859
10582
3986
12719
6409
13102
4423
7140
8421
5596
9293
5613
9862
13181
10364
1355
9845
4195
14512
14348
10832
14452
5895
14175
2563
11879
3202
4058
466
10350
3562
7904
12446
9448
4071
1258
9741
12552
7249
4557
12512
12309
13536
2416
3973
13604
12330
134
13945
2679
12421
4375
5045
3927
9781
796
139
2615
1499
10094
2742
13235
10485
5628
148
7252
2585
8572
14861
6023
11353
113
7865
5423
544
2653
6118
2955
5089
7531
11250
8719
602
14475
9449
5168
3076
2158
7280
11492
11361
13808
3058
536
12000
9497
3289
9141
10889
12674
4405
3348
3688
1822
4673
1323
7285
7873
5849
1356
1718
11320
11992
6117
7765
2766
9898
10190
10682
13407
9814
14818
6539
6235
2999
1240
6438
12431
5868
12366
7996
5850
6110
7228
3247
13766
3196
12178
10088
769
7800
12551
2633
5176
3399
3056
5000
14821
1357
14281
11429
8697
10321
3729
13685
11644
9386
493
12021
7963
4208
1293
12712
7813
13772
2741
9167
9838
6588
6247
8748
2815
7567
1081
8511
12572
3765
4003
10521
11183
28
14698
10917
8726
8520
4152
5229
3937
8938
4513
5165
10686
10445
1096
7404
10272
2886
3934
3724
14913
1089
14819
11809
9146
10928
7581
12873
9362
8827
9933
8451
9412
8101
4266
9163
12675
14398
5729
4199
6368
12997
1897
14915
14460
11062
14333
7785
9220
6189
932
4006
7938
14243
11238
14164
7427
1636
616
13335
9916
11323
8282
6811
12624
4898
7444
3052
6746
10413
9985
10544
8123
10611
7850
14066
7128
12061
13380
1302
11235
12653
12812
11012
7876
3387
13728
14666
3152
7630
8363
6687
4129
8919
8360
3604
8918
9206
12027
5102
3235
10295
14072
1176
1892
3538
2288
4633
14792
14387
4911
8664
14751
3472
6314
3447
4385
656
7117
6396
10138
7296
6076
9322
11484
8099
13753
2432
1218
8287
6162
1756
9503
7235
11388
10882
8906
13286
13273
14945
8497
6826
3406
9127
7036
4558
1404
4218
10737
12481
2414
2650
3946
6179
14474
8014
5356
14321
12659
12671
8004
4658
12084
14204
9966
7716
6653
1823
14599
1775
3630
2537
14244
14696
10816
14658
12687
8478
8758
735
7386
13348
6777
10668
6893
3474
13180
10654
11520
10590
13039
9056
2900
11792
5708
6467
10333
8859
7182
1373
10835
14950
6780
2230
2421
8548
7782
7480
9254
13775
12076
3366
3896
5967
7922
8727
10310
4096
7194
8967
2963
7215
9275
1603
13645
9800
11765
6883
14576
2784
7881
11599
6193
12606
7506
5932
3809
8136
14728
14597
14057
1168
12570
7007
1986
4542
14179
7129
923
10201
5475
8690
10144
1082
14564
10949
2997
14463
9315
11042
14109
9187
12802
4905
2146
6093
3367
7743
534
3734
27
7178
10018
5444
9551
14780
10993
6357
4535
11857
2831
6997
6036
1383
1320
4289
11360
10157
9579
5331
7290
441
5322
8658
4271
12862
2063
12943
6941
11665
10118
3893
7254
8315
13724
10581
13978
9646
2755
2300
9626
8878
2467
13958
8993
14424
9431
14465
12300
11022
2272
5927
4834
5457
8672
4088
6952
10306
1745
9970
4548
3648
11332
12017
11329
13476
3442
12105
281
10286
7093
5912
8765
5975
14038
13431
10102
11570
13256
14210
714
7710
4284
6661
13588
1225
2786
9102
14540
5144
11750
875
11276
88
9747
11348
10795
5760
7503
12491
8507
6805
1984
2709
962
4593
61
5637
12603
660
9556
12648
9014
2500
1198
13666
4952
795
12470
12587
6898
13295
13661
4567
14056
4903
10433
12149
1012
4861
6147
13147
9493
3840
7396
1585
12998
12795
14274
12836
13506
9702
7685
6505
12788
3046
5580
10715
14147
9463
12020
9227
3476
2515
8894
2735
6755
14279
1137
13612
12026
5828
3374
6891
7164
12146
5741
6506
3129
7915
7304
1576
12410
106
4927
3698
4509
14888
6011
12665
5947
5371
14741
4338
14886
7608
5402
11886
10421
11498
6906
13483
9751
10175
1591
11000
1116
4809
171
156
2744
13760
2105
10132
8557
14873
10530
99
8364
9782
12295
14655
9736
6530
8642
10298
3459
1989
4317
3615
9278
3732
14441
14446
12252
12568
13383
13814
841
6092
10093
4297
13096
14221
4534
8049
3815
3512
4767
6563
2623
2274
7174
5320
12467
9830
12917
4529
4678
2644
3631
10328
5006
2663
3805
2907
2782
4899
4998
5205
14119
206
812
6901
5271
1071
7161
12911
7031
14146
14268
10444
14310
13583
11187
10550
2052
2882
2430
13072
7919
14925
2535
9378
3762
12511
4074
12456
1778
5636
12121
7191
9111
11785
4582
9761
883
14240
1432
10636
1244
6010
9357
1563
10311
11807
3213
5674
13623
10756
14406
2662
13997
3108
7973
11282
8053
14689
9511
4790
13602
318
14622
5010
753
13026
2596
6074
1693
13783
14327
3626
13003
10506
10681
9487
10303
9716
5517
1608
7809
13107
9002
9312
2406
5575
5871
12308
94
9413
1423
6306
3138
6879
5143
5757
14623
12459
3513
5832
5953
3544
12498
10331
8168
11983
10852
13625
14746
1884
5924
8222
1861
14607
7682
8330
6268
1264
9037
6351
8641
3443
8249
1340
9229
4265
13342
1043
8156
6783
57
9174
13130
9096
6245
6849
7867
522
6799
6301
10589
6557
1869
11525
8082
11559
14601
7857
14106
1272
467
3483
14598
12371
6673
8424
1607
9634
3969
5164
2472
12364
6120
13109
6975
5830
2821
2073
2179
1230
12820
14514
12546
988
9957
11481
7988
10320
12067
4906
13192
5976
12913
10205
3275
11499
10961
11913
9290
1298
6768
5903
9688
1575
1289
4872
10374
9049
8351
14159
3256
6646
10853
1161
9250
730
10541
14334
686
14732
11782
4572
14885
1904
8522
10833
7220
4720
12152
6911
12796
3532
12656
579
3619
11372
6451
6704
4786
8800
7100
395
4467
8303
12723
4263
3854
4601
3173
7060
4311
5272
5366
6150
14149
14740
7611
11940
6173
8139
14267
14263
8055
12542
9200
4457
10633
5941
13572
9107
9531
14412
6517
10110
6762
2792
5858
11308
12216
4114
3074
14379
4270
14480
4897
3351
3980
13520
7326
1579
12479
539
4351
10337
1927
7779
5209
12786
10612
12525
8848
10609
9639
10781
14712
7301
14063
12427
8450
6666
6985
14150
13832
8620
5158
3384
10238
4476
6308
9969
11524
2812
9596
14497
13031
12824
13687
9900
11172
1453
10055
6385
3932
3207
3115
11178
17
9286
13986
14761
416
375
4715
4544
2605
574
13987
8784
2924
5818
6959
14934
5079
6620
8247
3813
6082
2539
9124
4143
13695
2901
14227
10632
6107
2667
6863
724
1052
2064
11734
10046
8879
14203
10098
5608
5488
7342
5694
5105
10805
7795
5329
2459
2694
10463
5687
5519
11816
13393
9246
3060
4496
11363
1751
1308
12616
14022
2029
10990
7636
126
8377
4185
11211
3137
10467
10711
7726
8108
13217
1251
13373
2369
1871
14528
10539
8972
2419
8343
8071
1686
2816
5928
1058
2377
14566
5907
9396
7171
6019
1907
2225
3672
5910
3834
6279
4520
9928
12195
84
11706
3239
9644
4983
9850
12225
1193
8025
10336
10568
8234
12623
3184
2632
10992
6792
6549
4461
9501
7639
5750
13755
388
161
3911
5982
7467
11464
53
2203
1009
1352
6238
786
9649
13900
7180
8815
7712
986
14493
8113
8712
5012
7816
7977
